800
8 57
10 54
5 11
4 52
6 62
6 53
8 74
3 30
8 29
6 1
1 16
5 67
10 4
4 72
2 97
5 71
6 11
1 54
5 90
3 26
9 63
8 8
7 28
7 90
1 46
3 74
2 41
6 50
1 11
9 29
2 24
6 64
7 79
9 6
1 74
6 71
1 61
1 23
3 19
5 49
2 55
7 29
8 65
7 94
4 50
5 86
1 77
6 62
7 69
2 24
6 50
2 29
4 28
7 54
2 68
2 63
3 75
9 20
3 73
4 18
3 38
5 51
2 55
3 70
5 31
2 65
5 42
10 93
9 48
5 68
10 100
5 88
7 72
6 65
2 71
9 70
10 36
10 23
4 31
1 13
9 88
9 44
7 73
3 50
7 87
6 87
7 98
2 60
5 85
6 17
6 58
4 16
10 57
8 83
7 33
2 100
4 75
10 52
2 32
8 72
10 70
10 55
5 36
1 41
9 91
10 28
3 47
3 93
8 84
6 42
2 26
3 39
10 37
10 52
5 43
5 89
3 36
4 84
4 9
1 96
3 84
10 51
5 17
10 33
4 74
10 67
5 67
5 4
5 46
9 26
4 81
8 53
6 9
7 91
6 11
4 20
10 60
8 76
8 16
10 79
5 33
2 41
4 1
7 58
4 50
2 35
9 49
7 49
2 74
6 26
7 29
9 81
6 18
3 68
7 15
10 74
4 91
2 3
10 9
10 90
4 43
4 91
2 62
7 52
7 83
1 74
4 73
2 51
9 62
8 75
8 17
9 27
1 14
4 2
1 41
5 84
4 14
7 78
10 65
9 13
8 58
3 10
2 92
5 24
10 82
8 32
1 98
3 57
8 91
3 36
9 1
4 18
7 45
1 93
7 28
8 60
1 95
8 20
5 84
6 42
41 628210
30 1419876
27 8340275
61 4776526
35 6473861
62 7741664
33 3961399
86 6499425
30 8071525
42 5922066
46 4095264
1 6087306
90 3850575
10 5885660
86 4545570
81 5056907
42 244939
38 6818360
40 491726
22 1728770
99 2757706
21 3440686
37 1656316
44 2541833
37 6987749
54 1069903
65 1210109
41 2011974
57 4261895
83 5336705
29 1221289
90 645711
86 370849
21 6309833
90 5472444
78 6920796
85 949855
54 3261790
70 903024
98 3073749
16 6498509
11 3950658
40 7847735
80 5515605
54 8138202
63 1776270
71 201979
83 6813983
59 7882522
5 1830160
30 5884999
61 6117549
5 4558682
51 7526485
86 3417363
91 7787363
51 5763240
81 2426204
9 3764527
48 2294512
54 1476313
13 5138503
18 8159364
35 6913171
71 5629614
30 119736
32 7648305
10 3958541
81 2474673
54 5748694
3 8325225
19 3020014
67 1200975
41 4038896
16 5562907
3 4495583
22 7575572
52 5420784
19 6056479
76 3255602
50 1020733
85 6808428
82 1270428
20 1339242
52 5176289
16 5583737
75 5966597
44 8323678
37 568981
76 3514655
32 7744126
41 108967
49 3743835
31 2822583
82 6351165
20 8350389
42 7114573
45 7522280
66 7854779
94 1956589
33 5019743
14 530689
57 2657219
66 5757675
75 7352150
87 7919975
96 4367400
99 7386039
57 4437917
100 6580468
27 4846719
29 940270
24 6327348
49 6417492
51 4783486
36 1671669
35 4414045
96 8281121
82 6464557
67 5365234
90 7078077
30 5817197
54 3065891
97 6594165
40 4889357
58 8354375
80 5706888
20 7519087
100 4657941
83 6854394
84 4666630
81 2439216
55 2762491
26 1184866
5 1468862
100 7015784
98 1684618
21 8190217
19 1130092
84 8376442
8 7048947
54 53574
42 1558932
76 6790141
85 396693
39 7715695
31 7169507
36 1492797
99 5646475
66 2479763
11 318500
94 4270533
62 6281708
43 3857455
25 4862694
72 7596380
33 2852485
32 2229919
94 4188319
100 7834605
15 381807
77 3934855
55 4517299
7 4680880
32 372863
3 1350801
42 7796623
60 5887535
64 2663859
61 6502246
83 6877264
8 3424622
23 2274016
52 2772513
17 7340259
100 1976681
100 6044540
58 2467065
16 2340795
37 3812025
47 6119337
95 3476308
23 1784974
21 479334
22 1650726
68 4180883
23 1885497
22 8001546
99 4259777
15 1575087
93 4217833
33 2087922
84 3449223
13 4051602
19 4108052
15 5253163
41 7929027
86 379099
80 7865314
60 402436
757 2199842
257 1430205
481 1451658
240 29520
965 3401625
724 2483320
711 4471479
301 1375269
49 362845
250 250000
108 375516
352 1405184
727 4882532
490 406700
926 2727070
628 1199480
90 49590
999 4018977
17 54281
425 339575
599 82662
947 8633799
28 43008
805 2457665
790 3768300
346 2942038
757 2243748
746 6969878
625 5563750
294 1087506
279 595107
27 250236
17 142596
790 5932900
185 1063750
590 3027880
207 1555191
564 2468628
306 212058
473 4035636
834 2719674
900 663300
953 977778
791 3729565
111 55389
291 1259448
606 1921626
147 1021209
208 1346592
412 1090976
521 894036
375 369000
895 698100
186 471138
404 681144
56 486584
631 2796592
51 87771
696 3418752
315 2772630
941 5599891
992 5708960
251 820017
546 301392
132 1298220
971 8176791
150 973200
40 59560
492 2803416
153 259947
102 534480
855 820800
924 3778236
627 3972045
33 242154
991 8572150
984 4414224
835 5101015
173 162620
752 4772944
257 2324565
596 5257912
765 2291175
530 1592120
334 508014
92 53820
625 2139375
144 207936
106 664514
126 424242
48 470016
956 9494992
873 2752569
431 605555
800 7695200
413 2726626
347 928919
339 872925
65 314080
567 4990167
298 1481060
783 435348
141 980655
214 1119434
368 646208
357 330225
664 5250248
428 3591776
546 1128036
182 1461824
57 156807
979 3916979
1 9063
29 11310
581 264936
452 2749064
537 1838688
469 1457652
500 2635500
969 27132
232 453792
422 1106906
367 1408546
438 505452
91 497224
487 4602637
598 4644068
572 4343768
469 2146613
408 2820912
894 3459780
568 5344880
197 656601
918 4726782
1 5709
677 2020845
6 38472
918 4942512
652 6274848
687 3815598
770 260260
770 260260
170 1591880
47 140107
924 208824
21 161448
367 568850
374 3238092
683 2213603
606 2870622
162 478062
452 1859528
127 817118
312 292656
541 298632
242 759396
633 381699
742 3945956
991 5535726
411 1323420
516 4959276
893 3201405
759 1236411
532 3171252
132 761376
102 996438
938 2361884
533 2961348
115 656420
783 4323726
416 1825824
700 907900
69 373911
133 677901
194 1081356
886 6700818
428 1905884
452 2448032
395 2869280
823 1685504
359 2791584
992 4285440
290 1737100
908 1835068
399 2614647
760 2774000
157 805096
171 110979
807 390588
738 625824
168 1423800
440 863280
704 5984000
988 7226232
501 4352187
303 678114
103 1027116
484 4603324
850 5139950
772 4199680
645 3843555
600 1001400
240 1810080
961 3927607
879 239967
283 689671
405 3022515
351 893646
565 4788940
428 809776
651 2925594
786 1196292
712 410112
247 2208921
959 7835030
726 967032
805 5486075
802 4214510
61 584502
729 2422467
687 1769025
984 6793536
182 546364
969 5584347
532 155344
742 5726756
771 1782552
749 4180169
656 2463936
71 102027
263 1262137
22 78826
961 6847125
98 103880
604 4758312
950 6162650
315 171675
410 200900
370 2268840
311 1595119
425 994075
912 6395856
619 3778995
152 1093488
245 1441335
69 61548
889 8130794
968 5072320
966 7786926
532 3745812
596 4259612
363 2302146
473 3107137
443 3547544
270 1160190
281 1410339
791 2959131
772 1055324
337 1188936
296 2637360
793 1292590
878 5952840
632 5653872
174 323292
894 3170124
32 23392
402 1860858
325 3067675
551 2813957
993 5600520
521 2735250
901 161279
586 2028146
906 3229890
586 2764748
178 313636
341 464101
400 3003600
804 927816
941 2025973
466 3885042
901 555917
198 756756
950 7511650
460 44160
725 4247050
393 985644
370 2668440
269 543918
92 181424
359 1650323
959 4164937
768 6671616
691 3150960
168 788760
288 2326176
258 1464666
292 85556
20 123300
387 187308
301 354578
409 1320252
133 569373
222 2205792
408 430032
167 1173342
968 4325024
134 896862
464 2774256
626 2707450
958 832502
967 43515
926 2452048
349 3482322
708 2363304
74 552706
613 2894586
772 3846876
114 18240
913 128733
112 1069936
925 4742475
659 5244322
779 5209952
222 1207458
54 299754
123 472935
557 3420537
797 4379515
836 5434836
310 2417380
262 1488684
883 464458
421 3861833
51 20298
565 2693355
278 2436948
587 5651636
914 7434476
839 4842708
751 3189497
510 712980
912 673056
955 338070
299 2643459
713 463450
255 795855
919 4279783
64 625856
491 2520794
435 4045500
225 1323225
860 7702160
676 5204524
593 3213467
119 1049818
557 3424436
440 2077680
609 1791678
281 652482
804 5192232
294 1767528
559 4472559
745 4567595
682 2254010
343 1515031
454 2205986
369 3679299
636 2815572
225 1912050
647 4781330
704 6067776
914 6748976
160 1180320
640 1244800
682 6609262
166 1654522
234 264654
173 165561
952 7358960
761 5195347
167 1178519
179 773280
869 766458
507 619047
796 4592124
719 958427
444 2253744
160 254720
218 208190
943 7577948
396 2379168
122 738710
229 144270
354 2240112
319 1908896
15 21285
892 4030056
485 4184095
121 990264
